0.000 -1767.1574
0.100 -1280.5802
0.200 -1074.0548
0.300 -1001.4801
0.400 -924.4785
0.500 -710.2031
0.600 -467.2976
0.700 -665.8682
0.800 -601.6780
0.900 -508.9399
1.000 -290.8942
1.100 -65.3718
1.200 -278.4221
1.300 -482.4448
1.400 -418.0570
1.500 -80.1827
1.600 -176.8587
1.700 -68.7836
1.800 -38.7732
1.900 29.6774
2.000 35.8026
2.100 -53.4089
2.200 -329.3294
2.300 -67.7847
2.400 -157.9791
2.500 305.5463
2.600 22.7694
2.700 252.3086
2.800 141.1777
2.900 256.0955
3.000 -302.3428
3.100 -56.3720
3.200 8.3866
3.300 202.2966
3.400 101.6341
3.500 -120.6923
3.600 120.8113
3.700 22.5080
3.800 -79.7310
3.900 -99.3034
4.000 -98.1575
4.100 43.3074
4.200 130.5664
4.300 124.3681
4.400 -46.7942
4.500 93.2712
4.600 -277.8281
4.700 -340.3029
4.800 98.0963
4.900 -70.2659
5.000 -212.1878
5.100 24.7512
5.200 -306.0225
5.300 -303.6420
5.400 -172.4757
5.500 -228.0386
5.600 -291.9708
5.700 -66.1844
5.800 48.0156
5.900 88.0207
6.000 -122.1655
6.100 -460.5733
6.200 -43.2384
6.300 -260.4403
6.400 -312.2463
6.500 -306.9091
6.600 143.4010
6.700 280.7126
6.800 -33.4230
6.900 -318.1540
7.000 101.5998
7.100 75.4477
7.200 107.9755
7.300 -152.3955
7.400 -18.3874
7.500 -163.2665
7.600 -245.3801
7.700 -469.6910
7.800 -551.4333
7.900 103.9798
8.000 -264.5272
8.100 52.6766
8.200 13.0415
8.300 241.4070
8.400 3.5117
8.500 -340.2851
8.600 292.1876
8.700 -11.1038
8.800 173.0334
8.900 -118.0702
9.000 538.9815
9.100 -106.2006
9.200 531.4705
9.300 -313.7448
9.400 -155.9356
9.500 -397.7075
9.600 277.4930
9.700 153.9428
9.800 280.1812
9.900 474.8225
10.000 55.1664
10.100 -169.2020
10.200 291.7552
10.300 68.7753
10.400 -645.4016
10.500 -121.6210
10.600 -46.3275
10.700 -24.7807
10.800 -112.8559
10.900 44.7884
11.000 -39.8915
11.100 -206.2097
11.200 -262.3530
11.300 -308.4900
11.400 -206.1607
11.500 -197.9679
11.600 -250.4607
11.700 -439.8125
11.800 -229.2015
11.900 140.4412
12.000 -139.8221
12.100 -496.0231
12.200 1.2448
12.300 291.9233
12.400 -31.5835
12.500 -118.0920
12.600 65.0383
12.700 18.4440
12.800 -56.6592
12.900 -79.7944
13.000 -76.2682
13.100 -139.4563
13.200 -63.3256
13.300 -108.5314
13.400 -283.3611
13.500 -502.5159
13.600 -35.1117
13.700 100.1801
13.800 5.3004
13.900 304.7332
14.000 -321.5479
14.100 -195.1417
14.200 215.0442
14.300 281.3334
14.400 206.9105
14.500 -100.6493
14.600 200.2757
14.700 124.8698
14.800 -125.2243
14.900 -226.7114
15.000 193.1769
15.100 -93.1848
15.200 -43.5793
15.300 402.9037
15.400 -310.0874
15.500 -264.3827
15.600 -395.3976
15.700 -397.0954
15.800 154.2157
15.900 60.0727
16.000 -113.5063
16.100 36.0028
16.200 -196.9989
16.300 -80.9865
16.400 -329.1841
16.500 -78.2120
16.600 -246.0622
16.700 -160.3465
16.800 -438.8462
16.900 206.6306
17.000 420.1302
17.100 89.7509
17.200 -104.2793
17.300 71.5786
17.400 -106.5483
17.500 21.0094
17.600 -97.7335
17.700 -510.0232
17.800 -384.7552
17.900 -266.0458
18.000 -134.5197
18.100 304.1758
18.200 71.6781
18.300 -424.6699
18.400 289.3653
18.500 -126.5443
18.600 -248.0929
18.700 76.1543
18.800 -391.5446
18.900 -94.6107
19.000 -56.9794
19.100 -260.8202
19.200 101.5146
19.300 377.4317
19.400 18.0731
19.500 225.5933
19.600 -56.3028
19.700 -166.3707
19.800 -324.3535
19.900 -548.2872
20.000 -319.9706
20.100 -67.5524
20.200 48.0398
20.300 -201.2095
20.400 -202.9728
20.500 -222.2355
20.600 -52.3020
20.700 169.8225
20.800 -80.8919
20.900 93.3441
21.000 15.4730
21.100 -0.7294
21.200 -204.6856
21.300 -427.1150
21.400 -163.2718
21.500 192.5372
21.600 -122.9971
21.700 -407.8639
21.800 -338.7299
21.900 -145.7413
22.000 217.3083
22.100 -35.8779
22.200 -109.4337
22.300 314.5965
22.400 -179.8155
22.500 330.0191
22.600 -4.0635
22.700 173.5675
22.800 435.2000
22.900 -14.0895
23.000 313.2528
23.100 36.2232
23.200 -37.0737
23.300 123.5592
23.400 25.8952
23.500 -64.9790
23.600 44.6800
23.700 -124.2741
23.800 144.4457
23.900 -50.7655
24.000 -80.3725
24.100 -285.6142
24.200 -350.5386
24.300 -188.2846
24.400 23.2788
24.500 333.5468
24.600 189.9944
24.700 74.5309
24.800 260.0670
24.900 212.0805
25.000 -133.2923
25.100 -91.1732
25.200 0.3767
25.300 -38.7951
25.400 82.1992
25.500 408.1169
25.600 138.5160
25.700 38.6794
25.800 -289.9820
25.900 -158.9536
26.000 -246.5247
26.100 -404.5179
26.200 -543.6138
26.300 -323.8405
26.400 -224.6932
26.500 82.4651
26.600 246.8821
26.700 -297.7268
26.800 -123.0463
26.900 -208.1817
27.000 11.3119
27.100 144.4804
27.200 -30.0400
27.300 -112.9675
27.400 -87.6980
27.500 183.7067
27.600 -47.0149
27.700 358.3789
27.800 148.6685
27.900 -70.5267
28.000 574.2791
28.100 -107.1319
28.200 -107.8895
28.300 252.6761
28.400 -8.6704
28.500 -43.4572
28.600 -207.1476
28.700 -187.7133
28.800 -120.1227
28.900 102.3053
29.000 -255.7192
29.100 -31.3513
29.200 -206.2963
29.300 -224.6160
29.400 -73.5237
29.500 13.6511
29.600 -113.7462
29.700 -350.9507
29.800 -96.1983
29.900 -30.0864
30.000 -30.9338
30.100 -162.0640
30.200 -82.8019
30.300 -399.6931
30.400 158.4390
30.500 107.7185
30.600 153.9704
30.700 -139.7572
30.800 119.0178
30.900 -105.3914
31.000 -319.3630
31.100 -317.4076
31.200 -285.2517
31.300 136.9337
31.400 -325.2384
31.500 -378.9438
31.600 -414.1209
31.700 -235.0919
31.800 -297.2912
31.900 41.7789
32.000 -469.5622
32.100 -307.1246
32.200 -303.4329
32.300 -299.4539
32.400 -292.5362
32.500 -157.0868
32.600 -408.4382
32.700 -149.1179
32.800 -328.9523
32.900 -177.6522
33.000 -383.8632
33.100 -566.9249
33.200 -560.3503
33.300 -640.2539
33.400 -218.2427
33.500 21.8814
33.600 -38.6638
33.700 -233.9407
33.800 -377.5999
33.900 -370.2837
34.000 -245.7700
34.100 -73.0481
34.200 218.5973
34.300 84.0199
34.400 305.5457
34.500 109.0128
34.600 -65.0460
34.700 -138.5840
34.800 69.6967
34.900 -110.0636
35.000 218.7798
35.100 35.3481
35.200 289.0811
35.300 242.3690
35.400 120.2976
35.500 234.8056
35.600 29.7055
35.700 -73.6149
35.800 -290.8850
35.900 -178.3809
36.000 -450.1912
36.100 -333.2076
36.200 -205.7429
36.300 -8.3340
36.400 214.2963
36.500 309.6545
36.600 -58.1731
36.700 -501.0402
36.800 -118.5825
36.900 -388.4175
37.000 229.9886
37.100 -212.9555
37.200 -203.6662
37.300 -55.4173
37.400 82.7545
37.500 286.1195
37.600 286.3013
37.700 253.7700
37.800 243.8267
37.900 404.0247
38.000 539.3353
38.100 103.4400
38.200 135.9013
38.300 279.2748
38.400 9.8555
38.500 -212.7635
38.600 -268.7002
38.700 -189.3750
38.800 -81.6500
38.900 -86.2343
39.000 -6.9182
39.100 260.9662
39.200 138.6773
39.300 362.4362
39.400 202.3696
39.500 -194.0979
39.600 324.8661
39.700 44.9005
39.800 216.4885
39.900 168.1071
40.000 210.9993
40.100 34.0166
40.200 -133.8032
40.300 10.3076
40.400 205.8653
40.500 50.0107
40.600 129.3681
40.700 -119.5027
40.800 382.1050
40.900 85.4533
41.000 -215.0446
41.100 20.1951
41.200 298.9737
41.300 264.2062
41.400 -116.1036
41.500 -82.5003
41.600 244.6508
41.700 376.9527
41.800 -33.8241
41.900 191.1071
42.000 199.1088
42.100 156.4576
42.200 243.5019
42.300 -97.4505
42.400 39.6520
42.500 -130.6052
42.600 67.6206
42.700 459.2717
42.800 388.2786
42.900 -91.4109
43.000 71.0652
43.100 8.5407
43.200 100.9024
43.300 157.2148
43.400 -16.0029
43.500 -38.3605
43.600 -187.6511
43.700 87.2087
43.800 9.6608
43.900 -181.3117
44.000 -21.6797
44.100 59.3700
44.200 -320.9399
44.300 -135.2271
44.400 302.2329
44.500 81.0102
44.600 -31.3901
44.700 -403.2555
44.800 -91.4318
44.900 -141.6219
45.000 66.8504
45.100 -53.0980
45.200 -152.1257
45.300 -263.1763
45.400 89.4401
45.500 -187.4735
45.600 -132.5875
45.700 -147.2259
45.800 -77.2608
45.900 -143.1296
46.000 -177.7268
46.100 -560.8464
46.200 -483.8313
46.300 -66.8048
46.400 -87.1497
46.500 -54.5292
46.600 -66.7910
46.700 -115.9883
46.800 -92.5079
46.900 -103.5329
47.000 -244.4007
47.100 46.6424
47.200 -112.5419
47.300 -270.2837
47.400 -190.2593
47.500 -181.7399
47.600 -313.3077
47.700 -138.7686
47.800 -63.2804
47.900 -425.2280
48.000 -168.5635
48.100 -121.0803
48.200 -165.4057
48.300 -172.1527
48.400 -73.8629
48.500 -132.9434
48.600 7.0644
48.700 -183.0647
48.800 87.1030
48.900 88.5780
49.000 5.4025
49.100 78.1989
49.200 280.3289
49.300 -92.3917
49.400 141.6068
49.500 462.1311
49.600 -164.7575
49.700 13.6159
49.800 -216.9877
49.900 261.9475
50.000 306.5316
50.100 54.9942
50.200 -21.6560
50.300 229.0532
50.400 -73.2007
50.500 39.9098
50.600 85.3416
50.700 -176.1119
50.800 -150.4342
50.900 98.6902
51.000 162.8978
51.100 -149.0227
51.200 53.3712
51.300 -1.5430
51.400 313.4686
51.500 282.7076
51.600 252.2228
51.700 120.5668
51.800 143.0625
51.900 -34.0053
52.000 -389.9490
52.100 102.5583
52.200 416.4781
52.300 90.1942
52.400 147.8155
52.500 18.9944
52.600 -205.6126
52.700 -32.5443
52.800 53.8922
52.900 -216.9561
53.000 101.9238
53.100 -147.8542
53.200 35.0152
53.300 -218.7376
53.400 -455.8322
53.500 -486.2420
53.600 -516.1971
53.700 -231.7120
53.800 -276.5310
53.900 -211.7119
54.000 -312.7723
54.100 138.8623
54.200 -324.6478
54.300 -538.8251
54.400 -528.2805
54.500 -231.6184
54.600 -261.3052
54.700 226.2503
54.800 372.4813
54.900 299.7985
55.000 136.8162
55.100 -81.4199
55.200 275.5643
55.300 295.8135
55.400 565.3329
55.500 7.7472
55.600 167.0693
55.700 43.8191
55.800 -19.7462
55.900 -84.9068
56.000 -16.4876
56.100 -32.5206
56.200 42.9740
56.300 64.4305
56.400 -243.3056
56.500 -245.0616
56.600 -332.7878
56.700 -341.5784
56.800 -274.1729
56.900 -92.0106
57.000 246.3626
57.100 -443.8965
57.200 -176.2635
57.300 -414.4144
57.400 -391.9055
57.500 -78.8294
57.600 -325.7087
57.700 -105.3315
57.800 -287.2601
57.900 -132.7041
58.000 -140.8296
58.100 47.4492
58.200 -208.0258
58.300 164.6493
58.400 72.3426
58.500 -96.0847
58.600 -196.5481
58.700 1.7650
58.800 -31.0230
58.900 -27.8334
59.000 -173.6414
59.100 -258.6384
59.200 11.1972
59.300 -282.3330
59.400 -1.4097
59.500 -39.6027
59.600 10.4704
59.700 -124.7638
59.800 -199.0833
59.900 -247.1005
60.000 -277.6371
60.100 -91.4272
60.200 -166.4297
60.300 11.0826
60.400 -409.8095
60.500 178.4165
60.600 416.5489
60.700 158.5497
60.800 216.8379
60.900 -12.2306
61.000 -679.9849
61.100 63.4857
61.200 -51.4995
61.300 401.0558
61.400 320.2894
61.500 -381.7144
61.600 -5.9437
61.700 29.8712
61.800 -35.2562
61.900 -91.5605
62.000 -12.6512
62.100 -246.4666
62.200 -91.3091
62.300 -250.1692
62.400 -422.2991
62.500 51.7581
62.600 -397.3533
62.700 -323.4310
62.800 -383.5764
62.900 -349.3123
63.000 230.6354
63.100 -311.9957
63.200 -398.0832
63.300 -475.6648
63.400 -165.5157
63.500 -129.2143
63.600 -165.3894
63.700 117.2243
63.800 -112.5690
63.900 -134.2429
64.000 -647.9789
64.100 -250.7840
64.200 -88.8023
64.300 -173.9433
64.400 317.5782
64.500 152.0169
64.600 -281.9070
64.700 25.3860
64.800 71.4400
64.900 55.4336
65.000 -55.7732
65.100 -340.1315
65.200 -180.3883
65.300 39.0351
65.400 -158.3883
65.500 -162.4366
65.600 -38.3514
65.700 -370.9899
65.800 -431.1048
65.900 -134.6031
66.000 -77.8168
66.100 -278.2640
66.200 -362.4105
66.300 -459.3309
66.400 -292.5675
66.500 56.6916
66.600 -209.9401
66.700 -157.1629
66.800 46.7443
66.900 -352.3499
67.000 41.4825
67.100 -121.7507
67.200 -130.2292
67.300 27.1391
67.400 42.4653
67.500 56.3100
67.600 -405.8903
67.700 -358.9513
67.800 255.5216
67.900 -151.7267
68.000 31.8116
68.100 -396.2996
68.200 -292.2236
68.300 -269.8563
68.400 -127.0094
68.500 182.5084
68.600 -123.6801
68.700 343.8500
68.800 276.9943
68.900 -169.0269
69.000 86.1405
69.100 426.2931
69.200 177.7182
69.300 228.9214
69.400 257.2104
69.500 263.2137
69.600 -156.7307
69.700 -150.4560
69.800 28.5982
69.900 -172.1409
70.000 74.8516
70.100 390.6414
70.200 124.1534
70.300 -136.9961
70.400 -195.3040
70.500 -58.8523
70.600 423.0353
70.700 106.8373
70.800 -262.9353
70.900 -459.8767
71.000 -64.1323
71.100 -29.6563
71.200 -28.4464
71.300 -661.1070
71.400 143.5665
71.500 126.2719
71.600 -65.6573
71.700 -191.7607
71.800 -228.6550
71.900 -198.6229
72.000 212.2220
72.100 -215.3025
72.200 -361.2185
72.300 -135.6769
72.400 -81.6826
72.500 250.0685
72.600 203.4306
72.700 187.8162
72.800 -31.2257
72.900 -446.4956
73.000 -470.2473
73.100 240.4724
73.200 119.2079
73.300 -53.5715
73.400 182.3023
73.500 276.4477
73.600 535.7622
73.700 -164.2760
73.800 156.9260
73.900 -66.2445
74.000 15.9609
74.100 364.9117
74.200 447.9541
74.300 127.7437
74.400 250.8935
74.500 345.1213
74.600 -63.2758
74.700 -101.7493
74.800 28.2690
74.900 138.5428
75.000 -133.8645
75.100 -102.5618
75.200 13.4036
75.300 230.9434
75.400 -88.6090
75.500 120.4040
75.600 305.6517
75.700 -111.5660
75.800 -50.3010
75.900 -27.4809
76.000 59.1627
76.100 77.4757
76.200 5.9242
76.300 -98.9739
76.400 152.0164
76.500 11.1560
76.600 -356.4838
76.700 -189.0048
76.800 61.4827
76.900 -146.5117
77.000 175.0697
77.100 87.2677
77.200 123.9957
77.300 29.0081
77.400 -49.7681
77.500 -288.2639
77.600 -308.0646
77.700 -77.3327
77.800 101.4565
77.900 310.4001
78.000 -166.9637
78.100 139.9793
78.200 53.1352
78.300 281.7970
78.400 352.5007
78.500 290.6788
78.600 -71.4367
78.700 -276.3000
78.800 198.7750
78.900 139.7195
79.000 -35.6881
79.100 -91.5226
79.200 27.2463
79.300 -480.7670
79.400 -93.9321
79.500 -312.7114
79.600 -133.6088
79.700 81.2603
79.800 -110.3942
79.900 371.8297
80.000 -42.3559
80.100 -194.6432
80.200 -350.9248
80.300 -278.2717
80.400 5.2857
80.500 -165.9851
80.600 -20.3056
80.700 143.0517
80.800 73.2025
80.900 -92.0719
81.000 148.6573
81.100 -151.8033
81.200 238.9436
81.300 150.7675
81.400 31.7421
81.500 47.4589
81.600 52.7049
81.700 9.3799
81.800 108.4603
81.900 -34.8749
82.000 -118.4509
82.100 -204.8796
82.200 505.3309
82.300 527.0796
82.400 129.5433
82.500 439.4751
82.600 593.4154
82.700 211.3798
82.800 102.6572
82.900 405.6701
83.000 160.5216
83.100 356.6929
83.200 -76.7758
83.300 -100.5823
83.400 -204.0694
83.500 -241.7653
83.600 -92.0080
83.700 12.5217
83.800 23.1648
83.900 -241.3419
84.000 -198.6103
84.100 112.1441
84.200 120.4484
84.300 -109.9418
84.400 254.1864
84.500 -148.4280
84.600 -204.7226
84.700 233.7698
84.800 236.4535
84.900 270.3778
85.000 152.7709
85.100 88.3222
85.200 109.0350
85.300 329.4943
85.400 -144.3166
85.500 -4.8483
85.600 -328.0032
85.700 22.3781
85.800 487.9157
85.900 54.6623
86.000 -373.6389
86.100 -60.4662
86.200 65.2849
86.300 -125.0589
86.400 5.6491
86.500 358.4703
86.600 -64.5513
86.700 200.5539
86.800 261.9243
86.900 101.7193
87.000 -186.9369
87.100 -69.0552
87.200 -266.5690
87.300 -360.8001
87.400 -256.2330
87.500 -252.8539
87.600 -224.1320
87.700 -141.3284
87.800 87.3581
87.900 -11.9368
88.000 148.3954
88.100 394.6001
88.200 417.2658
88.300 621.7229
88.400 513.9240
88.500 270.7898
88.600 243.1406
88.700 23.0918
88.800 126.7009
88.900 219.0293
89.000 25.6914
89.100 9.5211
89.200 -83.4620
89.300 -109.9593
89.400 64.4247
89.500 56.2273
89.600 8.5087
89.700 -121.0950
89.800 18.2737
89.900 172.8428
90.000 459.0108
90.100 -24.2616
90.200 -120.9293
90.300 114.9112
90.400 -243.6921
90.500 -371.8625
90.600 98.2529
90.700 84.4584
90.800 -44.3507
90.900 50.9153
91.000 -49.2638
91.100 -113.8789
91.200 -101.3799
91.300 -194.8763
91.400 -253.5791
91.500 2.2461
91.600 62.1631
91.700 119.9084
91.800 -131.9732
91.900 53.8701
92.000 -207.0697
92.100 97.9600
92.200 -182.7289
92.300 -116.4393
92.400 210.4022
92.500 231.9434
92.600 -7.9177
92.700 150.2262
92.800 -21.5559
92.900 86.7033
93.000 -40.6727
93.100 -64.4163
93.200 -88.6340
93.300 225.6221
93.400 -46.1052
93.500 143.2870
93.600 375.5837
93.700 173.1441
93.800 347.6532
93.900 -54.5570
94.000 -115.4173
94.100 -152.3016
94.200 -405.8274
94.300 -153.0006
94.400 169.6235
94.500 187.5528
94.600 34.6711
94.700 -94.2346
94.800 70.4059
94.900 137.0662
95.000 -354.7602
95.100 -302.7397
95.200 -263.0448
95.300 57.1804
95.400 -163.3230
95.500 79.5463
95.600 82.3178
95.700 -142.8823
95.800 -216.4164
95.900 -239.7713
96.000 -206.1345
96.100 -6.4265
96.200 -211.4991
96.300 -462.7110
96.400 -158.5866
96.500 22.3698
96.600 -299.4268
96.700 -327.1807
96.800 -150.7830
96.900 -27.6700
97.000 410.2047
97.100 327.0303
97.200 328.4357
97.300 -52.3520
97.400 -66.1139
97.500 -96.1100
97.600 -281.4475
97.700 167.6157
97.800 -40.1552
97.900 -385.8773
98.000 110.3571
98.100 70.0552
98.200 -91.7353
98.300 -223.0489
98.400 -282.9632
98.500 -293.8548
98.600 -252.1152
98.700 200.3978
98.800 -328.1043
98.900 -210.8828
99.000 227.0378
99.100 161.7398
99.200 124.7982
99.300 -61.3266
99.400 -251.6345
99.500 -153.8457
99.600 19.5419
99.700 -244.8538
99.800 -239.5541
99.900 78.5037
100.000 175.5232
