0.000 -2750.8246
0.100 -2669.5259
0.200 -2614.9904
0.300 -2563.7055
0.400 -2525.8346
0.500 -2496.8198
0.600 -2467.7561
0.700 -2442.3339
0.800 -2433.7232
0.900 -2411.1399
1.000 -2390.5210
1.100 -2378.8934
1.200 -2355.7085
1.300 -2340.7939
1.400 -2329.2435
1.500 -2324.6802
1.600 -2323.1407
1.700 -2286.2837
1.800 -2272.7462
1.900 -2274.5272
2.000 -2271.9148
2.100 -2269.8324
2.200 -2263.9148
2.300 -2239.7621
2.400 -2221.0158
2.500 -2229.9017
2.600 -2212.6875
2.700 -2200.0159
2.800 -2171.0573
2.900 -2198.3255
3.000 -2197.2246
3.100 -2197.4755
3.200 -2203.2352
3.300 -2194.6816
3.400 -2186.2642
3.500 -2181.3230
3.600 -2178.4728
3.700 -2189.0199
3.800 -2181.7941
3.900 -2188.1827
4.000 -2175.8274
4.100 -2173.6066
4.200 -2180.1297
4.300 -2186.4258
4.400 -2183.8957
4.500 -2169.7590
4.600 -2154.7282
4.700 -2172.2921
4.800 -2176.4379
4.900 -2173.5467
5.000 -2159.4260
5.100 -2161.6048
5.200 -2189.6344
5.300 -2177.0712
5.400 -2181.6409
5.500 -2189.9974
5.600 -2186.7749
5.700 -2181.4630
5.800 -2189.9807
5.900 -2188.4514
6.000 -2195.0406
6.100 -2191.8196
6.200 -2194.3050
6.300 -2187.2417
6.400 -2208.1782
6.500 -2200.0116
6.600 -2200.3818
6.700 -2195.9941
6.800 -2167.7074
6.900 -2160.8220
7.000 -2160.7251
7.100 -2185.0004
7.200 -2179.4202
7.300 -2176.9451
7.400 -2162.9659
7.500 -2164.6985
7.600 -2152.8503
7.700 -2151.1166
7.800 -2132.2592
7.900 -2140.9069
8.000 -2151.4589
8.100 -2174.8039
8.200 -2186.5416
8.300 -2176.4421
8.400 -2159.9593
8.500 -2163.6720
8.600 -2161.3316
8.700 -2179.2207
8.800 -2176.1708
8.900 -2184.4049
9.000 -2200.4662
9.100 -2209.8057
9.200 -2225.1133
9.300 -2206.6543
9.400 -2194.8289
9.500 -2201.0751
9.600 -2203.2623
9.700 -2202.1280
9.800 -2223.0207
9.900 -2209.7099
10.000 -2204.9191
10.100 -2206.5343
10.200 -2207.6846
10.300 -2202.3081
10.400 -2191.2774
10.500 -2186.9695
10.600 -2187.5094
10.700 -2164.4588
10.800 -2156.5409
10.900 -2162.0737
11.000 -2168.8960
11.100 -2174.1159
11.200 -2161.4274
11.300 -2172.9060
11.400 -2184.9217
11.500 -2198.1743
11.600 -2205.7479
11.700 -2206.3127
11.800 -2202.6643
11.900 -2205.4775
12.000 -2205.6262
12.100 -2202.6692
12.200 -2200.1588
12.300 -2216.5832
12.400 -2210.9367
12.500 -2199.8627
12.600 -2196.3394
12.700 -2191.0935
12.800 -2178.8857
12.900 -2170.4764
13.000 -2169.1203
13.100 -2170.6004
13.200 -2155.3661
13.300 -2152.7468
13.400 -2180.3070
13.500 -2170.9261
13.600 -2189.2323
13.700 -2185.9376
13.800 -2194.9593
13.900 -2164.2348
14.000 -2158.1154
14.100 -2155.2840
14.200 -2166.5910
14.300 -2157.0139
14.400 -2138.5493
14.500 -2134.8321
14.600 -2137.1451
14.700 -2138.7095
14.800 -2157.3544
14.900 -2129.6004
15.000 -2149.6047
15.100 -2166.4110
15.200 -2180.8862
15.300 -2175.2288
15.400 -2184.8878
15.500 -2207.5551
15.600 -2201.4520
15.700 -2192.9743
15.800 -2181.8376
15.900 -2195.9608
16.000 -2198.0001
16.100 -2175.3659
16.200 -2158.8702
16.300 -2183.7790
16.400 -2178.6701
16.500 -2146.5163
16.600 -2133.2699
16.700 -2145.8621
16.800 -2166.5253
16.900 -2160.6659
17.000 -2138.4842
17.100 -2133.2269
17.200 -2145.6856
17.300 -2141.6601
17.400 -2150.1014
17.500 -2160.2800
17.600 -2163.8813
17.700 -2189.3513
17.800 -2200.5714
17.900 -2189.9040
18.000 -2185.3558
18.100 -2217.7851
18.200 -2208.0325
18.300 -2221.8608
18.400 -2217.7899
18.500 -2208.8327
18.600 -2184.2657
18.700 -2178.2353
18.800 -2176.7920
18.900 -2182.6624
19.000 -2177.9216
19.100 -2170.1688
19.200 -2165.8085
19.300 -2175.0222
19.400 -2177.3198
19.500 -2178.1483
19.600 -2193.0264
19.700 -2204.0142
19.800 -2207.5065
19.900 -2201.3582
20.000 -2213.7414
20.100 -2209.6274
20.200 -2221.8282
20.300 -2212.8545
20.400 -2194.9000
20.500 -2218.0326
20.600 -2206.4197
20.700 -2192.8207
20.800 -2186.3966
20.900 -2198.5431
21.000 -2178.3993
21.100 -2170.7124
21.200 -2173.5265
21.300 -2168.5558
21.400 -2173.9163
21.500 -2149.6324
21.600 -2147.4823
21.700 -2133.1725
21.800 -2139.8758
21.900 -2131.9758
22.000 -2143.5847
22.100 -2154.1618
22.200 -2158.9651
22.300 -2170.3274
22.400 -2171.8241
22.500 -2181.5431
22.600 -2166.5839
22.700 -2170.1750
22.800 -2166.6225
22.900 -2145.3060
23.000 -2150.4027
23.100 -2139.9957
23.200 -2132.7252
23.300 -2135.3211
23.400 -2138.8204
23.500 -2159.4526
23.600 -2176.8858
23.700 -2179.4858
23.800 -2196.2262
23.900 -2173.0140
24.000 -2167.8180
24.100 -2164.4770
24.200 -2192.1455
24.300 -2179.2316
24.400 -2209.3377
24.500 -2188.3652
24.600 -2182.7539
24.700 -2183.4429
24.800 -2180.8862
24.900 -2161.9302
25.000 -2166.7507
25.100 -2171.5956
25.200 -2179.2009
25.300 -2185.2157
25.400 -2174.8854
25.500 -2198.4822
25.600 -2170.9013
25.700 -2151.2534
25.800 -2142.0125
25.900 -2140.8392
26.000 -2142.4448
26.100 -2150.1653
26.200 -2172.5957
26.300 -2176.7996
26.400 -2172.1008
26.500 -2173.4815
26.600 -2161.0331
26.700 -2184.2160
26.800 -2185.6353
26.900 -2191.5137
27.000 -2205.7892
27.100 -2208.3117
27.200 -2215.2792
27.300 -2223.8620
27.400 -2238.0063
27.500 -2239.7099
27.600 -2231.5029
27.700 -2216.5615
27.800 -2225.1325
27.900 -2213.2358
28.000 -2196.8146
28.100 -2177.5182
28.200 -2177.1277
28.300 -2169.0872
28.400 -2174.4181
28.500 -2194.2670
28.600 -2183.3046
28.700 -2183.5894
28.800 -2169.7454
28.900 -2166.9009
29.000 -2170.8715
29.100 -2173.1939
29.200 -2195.8622
29.300 -2191.2740
29.400 -2164.4505
29.500 -2148.0189
29.600 -2164.9620
29.700 -2160.3036
29.800 -2176.0227
29.900 -2183.5146
30.000 -2186.1899
30.100 -2188.0311
30.200 -2188.4325
30.300 -2176.2552
30.400 -2183.4496
30.500 -2191.1904
30.600 -2185.7428
30.700 -2185.1600
30.800 -2170.0353
30.900 -2170.2211
31.000 -2164.5373
31.100 -2172.2681
31.200 -2165.0289
31.300 -2181.6044
31.400 -2197.5617
31.500 -2200.0107
31.600 -2185.6456
31.700 -2181.4178
31.800 -2177.3394
31.900 -2182.1255
32.000 -2182.5026
32.100 -2151.9294
32.200 -2155.4448
32.300 -2165.0594
32.400 -2174.0017
32.500 -2166.5758
32.600 -2170.8061
32.700 -2161.0452
32.800 -2152.8028
32.900 -2160.1253
33.000 -2170.9974
33.100 -2168.4870
33.200 -2176.3912
33.300 -2188.1669
33.400 -2172.6494
33.500 -2170.1191
33.600 -2152.1359
33.700 -2159.9514
33.800 -2144.6191
33.900 -2149.7480
34.000 -2146.7001
34.100 -2163.1348
34.200 -2156.4655
34.300 -2147.4463
34.400 -2160.7838
34.500 -2156.4693
34.600 -2138.3339
34.700 -2148.0436
34.800 -2159.9100
34.900 -2151.9219
35.000 -2148.7838
35.100 -2167.4524
35.200 -2156.4692
35.300 -2170.6076
35.400 -2190.9604
35.500 -2181.4868
35.600 -2181.3611
35.700 -2175.2605
35.800 -2176.1634
35.900 -2186.0184
36.000 -2187.8227
36.100 -2194.9672
36.200 -2221.4904
36.300 -2222.9239
36.400 -2222.6148
36.500 -2200.5994
36.600 -2210.3765
36.700 -2211.7521
36.800 -2208.0112
36.900 -2224.6697
37.000 -2207.7663
37.100 -2199.9471
37.200 -2225.4687
37.300 -2230.6357
37.400 -2222.5678
37.500 -2217.6037
37.600 -2207.9949
37.700 -2202.2221
37.800 -2200.9325
37.900 -2190.9703
38.000 -2186.7820
38.100 -2177.1403
38.200 -2189.6260
38.300 -2204.1756
38.400 -2211.7643
38.500 -2201.8829
38.600 -2207.8967
38.700 -2201.2736
38.800 -2194.7355
38.900 -2183.8420
39.000 -2199.1179
39.100 -2203.1061
39.200 -2205.1912
39.300 -2184.6383
39.400 -2170.1957
39.500 -2167.6233
39.600 -2169.8032
39.700 -2182.5692
39.800 -2186.4133
39.900 -2194.7326
40.000 -2189.2172
40.100 -2208.7551
40.200 -2207.8332
40.300 -2205.9513
40.400 -2193.2547
40.500 -2180.4823
40.600 -2204.9160
40.700 -2182.4252
40.800 -2192.8806
40.900 -2199.3608
41.000 -2196.0376
41.100 -2187.7267
41.200 -2199.2599
41.300 -2196.0924
41.400 -2189.0712
41.500 -2202.6528
41.600 -2194.8928
41.700 -2185.0131
41.800 -2178.9280
41.900 -2155.6515
42.000 -2152.0572
42.100 -2154.0817
42.200 -2170.3002
42.300 -2178.2238
42.400 -2185.7371
42.500 -2175.5356
42.600 -2159.1455
42.700 -2150.4758
42.800 -2149.9296
42.900 -2163.2986
43.000 -2183.2590
43.100 -2176.5554
43.200 -2203.0509
43.300 -2184.4564
43.400 -2170.3262
43.500 -2158.2244
43.600 -2162.1702
43.700 -2161.9596
43.800 -2171.6243
43.900 -2154.1310
44.000 -2149.0756
44.100 -2151.6333
44.200 -2145.9168
44.300 -2134.7956
44.400 -2125.0695
44.500 -2131.2877
44.600 -2130.3644
44.700 -2127.5995
44.800 -2138.1912
44.900 -2150.7308
45.000 -2164.5221
45.100 -2173.1353
45.200 -2179.4817
45.300 -2165.4606
45.400 -2163.0131
45.500 -2171.8687
45.600 -2175.4231
45.700 -2174.5140
45.800 -2167.1425
45.900 -2179.4779
46.000 -2179.7979
46.100 -2169.8696
46.200 -2183.3554
46.300 -2192.4926
46.400 -2187.3075
46.500 -2183.1856
46.600 -2201.5377
46.700 -2209.1259
46.800 -2210.3636
46.900 -2222.8175
47.000 -2195.1048
47.100 -2197.4635
47.200 -2210.0705
47.300 -2187.5369
47.400 -2171.5669
47.500 -2158.7231
47.600 -2153.4432
47.700 -2157.9280
47.800 -2145.5701
47.900 -2156.3337
48.000 -2170.9739
48.100 -2160.4264
48.200 -2150.0103
48.300 -2164.9597
48.400 -2171.4944
48.500 -2155.2830
48.600 -2155.7068
48.700 -2178.8250
48.800 -2184.1218
48.900 -2209.8225
49.000 -2204.8125
49.100 -2215.1732
49.200 -2215.4278
49.300 -2221.0648
49.400 -2195.9311
49.500 -2201.0527
49.600 -2154.7166
49.700 -2157.0272
49.800 -2147.5594
49.900 -2147.2963
50.000 -2151.1357
50.100 -2133.9822
50.200 -2133.1440
50.300 -2156.1624
50.400 -2162.4642
50.500 -2155.4448
50.600 -2184.8187
50.700 -2171.4779
50.800 -2149.5478
50.900 -2151.6701
51.000 -2167.9621
51.100 -2152.7943
51.200 -2157.2166
51.300 -2153.4238
51.400 -2158.7011
51.500 -2175.2024
51.600 -2166.8367
51.700 -2159.1651
51.800 -2172.3235
51.900 -2186.2328
52.000 -2182.3740
52.100 -2197.4099
52.200 -2200.7993
52.300 -2189.5448
52.400 -2190.9261
52.500 -2195.6156
52.600 -2209.0826
52.700 -2217.3073
52.800 -2239.4463
52.900 -2235.0650
53.000 -2224.3792
53.100 -2240.4580
53.200 -2233.5741
53.300 -2238.8867
53.400 -2218.1528
53.500 -2208.9097
53.600 -2192.8787
53.700 -2185.2161
53.800 -2192.6986
53.900 -2194.8348
54.000 -2183.8795
54.100 -2204.9486
54.200 -2207.1341
54.300 -2209.8692
54.400 -2189.7622
54.500 -2195.9494
54.600 -2201.6140
54.700 -2198.8451
54.800 -2193.1970
54.900 -2191.9140
55.000 -2181.9747
55.100 -2184.1411
55.200 -2177.4813
55.300 -2176.1276
55.400 -2178.2808
55.500 -2177.3869
55.600 -2164.8699
55.700 -2154.3490
55.800 -2160.6884
55.900 -2174.3883
56.000 -2173.1549
56.100 -2189.3218
56.200 -2196.7080
56.300 -2187.4082
56.400 -2176.1398
56.500 -2168.5479
56.600 -2155.7824
56.700 -2149.5460
56.800 -2172.7648
56.900 -2163.1341
57.000 -2171.8342
57.100 -2202.6367
57.200 -2182.1530
57.300 -2215.0671
57.400 -2205.6798
57.500 -2207.2277
57.600 -2200.5019
57.700 -2194.6373
57.800 -2203.3713
57.900 -2206.5798
58.000 -2200.4564
58.100 -2186.8213
58.200 -2199.8787
58.300 -2192.8881
58.400 -2201.1227
58.500 -2186.9530
58.600 -2208.3994
58.700 -2206.1811
58.800 -2202.0214
58.900 -2183.1176
59.000 -2162.3419
59.100 -2165.4710
59.200 -2154.2798
59.300 -2155.8670
59.400 -2163.3838
59.500 -2163.1341
59.600 -2170.2299
59.700 -2175.1191
59.800 -2183.7247
59.900 -2182.5191
60.000 -2162.3909
60.100 -2153.3809
60.200 -2148.5935
60.300 -2147.1028
60.400 -2152.9442
60.500 -2166.9831
60.600 -2164.0234
60.700 -2190.4182
60.800 -2195.0718
60.900 -2207.0702
61.000 -2197.4519
61.100 -2186.6555
61.200 -2183.0063
61.300 -2187.9180
61.400 -2177.0713
61.500 -2185.7896
61.600 -2183.4945
61.700 -2191.2632
61.800 -2186.5047
61.900 -2180.1777
62.000 -2215.8873
62.100 -2228.5903
62.200 -2217.3825
62.300 -2216.6096
62.400 -2201.1397
62.500 -2198.2643
62.600 -2202.2805
62.700 -2202.5713
62.800 -2205.2788
62.900 -2202.4159
63.000 -2197.1568
63.100 -2214.0670
63.200 -2203.3604
63.300 -2186.3748
63.400 -2184.7016
63.500 -2155.1325
63.600 -2157.4884
63.700 -2167.4264
63.800 -2173.6831
63.900 -2160.1271
64.000 -2165.4864
64.100 -2184.2462
64.200 -2185.9176
64.300 -2190.7622
64.400 -2186.9225
64.500 -2179.5666
64.600 -2190.9025
64.700 -2197.1426
64.800 -2206.7419
64.900 -2217.4790
65.000 -2232.5030
65.100 -2231.0495
65.200 -2208.3405
65.300 -2187.7195
65.400 -2179.2171
65.500 -2182.0594
65.600 -2181.3462
65.700 -2167.4454
65.800 -2190.3617
65.900 -2195.8857
66.000 -2200.2586
66.100 -2205.5630
66.200 -2197.8430
66.300 -2201.0783
66.400 -2197.9139
66.500 -2192.4780
66.600 -2172.0896
66.700 -2173.8829
66.800 -2186.7676
66.900 -2177.3167
67.000 -2184.1868
67.100 -2193.6281
67.200 -2204.7963
67.300 -2192.4274
67.400 -2199.2312
67.500 -2208.9373
67.600 -2225.4706
67.700 -2218.4818
67.800 -2223.9981
67.900 -2224.0368
68.000 -2229.9383
68.100 -2219.0279
68.200 -2208.8515
68.300 -2202.2214
68.400 -2183.2686
68.500 -2179.6023
68.600 -2188.5792
68.700 -2212.4166
68.800 -2210.3678
68.900 -2215.6617
69.000 -2206.3628
69.100 -2218.4277
69.200 -2215.9587
69.300 -2208.0967
69.400 -2200.1477
69.500 -2228.1235
69.600 -2221.5779
69.700 -2200.1804
69.800 -2189.8310
69.900 -2184.4275
70.000 -2179.7830
70.100 -2173.7540
70.200 -2169.3493
70.300 -2161.0798
70.400 -2151.3189
70.500 -2141.8475
70.600 -2125.5956
70.700 -2135.1785
70.800 -2128.8710
70.900 -2163.7919
71.000 -2153.9310
71.100 -2162.2730
71.200 -2150.0010
71.300 -2134.2316
71.400 -2137.3260
71.500 -2140.9225
71.600 -2139.7129
71.700 -2152.7874
71.800 -2172.1322
71.900 -2176.3874
72.000 -2187.1602
72.100 -2210.4328
72.200 -2212.7159
72.300 -2228.0218
72.400 -2202.7764
72.500 -2205.6036
72.600 -2188.9882
72.700 -2184.4411
72.800 -2169.9723
72.900 -2191.5492
73.000 -2169.9505
73.100 -2155.0195
73.200 -2172.6026
73.300 -2183.5200
73.400 -2194.9580
73.500 -2191.4556
73.600 -2195.4801
73.700 -2181.6695
73.800 -2189.8067
73.900 -2165.9648
74.000 -2172.5959
74.100 -2157.4845
74.200 -2170.8949
74.300 -2167.7910
74.400 -2176.4501
74.500 -2143.9646
74.600 -2140.3412
74.700 -2120.7858
74.800 -2121.9184
74.900 -2124.3274
75.000 -2136.0334
75.100 -2144.8495
75.200 -2121.6861
75.300 -2123.3610
75.400 -2130.9948
75.500 -2148.8767
75.600 -2139.4949
75.700 -2137.4771
75.800 -2154.7433
75.900 -2167.4352
76.000 -2177.2195
76.100 -2200.4644
76.200 -2204.0633
76.300 -2218.6037
76.400 -2227.7095
76.500 -2214.5835
76.600 -2212.2232
76.700 -2212.4449
76.800 -2198.3989
76.900 -2207.6007
77.000 -2198.3338
77.100 -2203.5975
77.200 -2223.7539
77.300 -2223.7315
77.400 -2222.6875
77.500 -2225.7325
77.600 -2220.6911
77.700 -2197.0783
77.800 -2193.3781
77.900 -2190.4416
78.000 -2158.8569
78.100 -2157.3083
78.200 -2152.9951
78.300 -2160.3836
78.400 -2178.6088
78.500 -2188.6747
78.600 -2187.7241
78.700 -2182.2347
78.800 -2189.5003
78.900 -2180.4966
79.000 -2187.8563
79.100 -2193.1403
79.200 -2186.8621
79.300 -2193.8874
79.400 -2217.2528
79.500 -2227.8221
79.600 -2217.5707
79.700 -2218.3169
79.800 -2206.4193
79.900 -2229.3374
80.000 -2219.8404
80.100 -2220.1409
80.200 -2198.0610
80.300 -2188.9500
80.400 -2200.5232
80.500 -2197.0656
80.600 -2198.0305
80.700 -2203.3868
80.800 -2206.3309
80.900 -2200.2192
81.000 -2213.8384
81.100 -2209.7688
81.200 -2190.5190
81.300 -2202.0986
81.400 -2200.4623
81.500 -2183.5043
81.600 -2193.5294
81.700 -2177.4905
81.800 -2178.0249
81.900 -2170.2289
82.000 -2174.3137
82.100 -2159.1038
82.200 -2172.7758
82.300 -2173.9619
82.400 -2168.3233
82.500 -2155.4619
82.600 -2139.8415
82.700 -2157.0122
82.800 -2141.0605
82.900 -2165.7839
83.000 -2145.6052
83.100 -2147.7874
83.200 -2139.9891
83.300 -2144.4800
83.400 -2146.2487
83.500 -2143.8144
83.600 -2158.4921
83.700 -2136.0495
83.800 -2165.5996
83.900 -2162.6465
84.000 -2170.6431
84.100 -2172.1947
84.200 -2167.0207
84.300 -2159.6401
84.400 -2174.9372
84.500 -2172.0078
84.600 -2180.4386
84.700 -2194.9980
84.800 -2166.5971
84.900 -2194.2876
85.000 -2192.3915
85.100 -2202.2439
85.200 -2211.8326
85.300 -2206.3183
85.400 -2212.0751
85.500 -2211.3653
85.600 -2218.6232
85.700 -2222.6269
85.800 -2210.6908
85.900 -2207.7005
86.000 -2227.3751
86.100 -2244.0599
86.200 -2232.1234
86.300 -2231.4951
86.400 -2224.5592
86.500 -2213.6593
86.600 -2197.8208
86.700 -2185.7652
86.800 -2177.6650
86.900 -2180.3953
87.000 -2175.3232
87.100 -2178.2342
87.200 -2192.3185
87.300 -2190.3109
87.400 -2180.2092
87.500 -2189.9329
87.600 -2198.0964
87.700 -2198.3867
87.800 -2209.0422
87.900 -2199.9277
88.000 -2179.5590
88.100 -2189.6981
88.200 -2218.5118
88.300 -2185.2465
88.400 -2180.3864
88.500 -2162.5648
88.600 -2176.1050
88.700 -2169.8296
88.800 -2165.2965
88.900 -2166.6641
89.000 -2149.6097
89.100 -2137.4227
89.200 -2137.4468
89.300 -2148.1322
89.400 -2133.0554
89.500 -2135.1210
89.600 -2142.1231
89.700 -2135.8499
89.800 -2137.5489
89.900 -2138.7217
90.000 -2135.8312
90.100 -2143.6578
90.200 -2161.5660
90.300 -2158.5151
90.400 -2176.7192
90.500 -2201.2731
90.600 -2220.9222
90.700 -2204.1884
90.800 -2200.9260
90.900 -2201.9089
91.000 -2193.3842
91.100 -2204.7852
91.200 -2204.7800
91.300 -2199.1662
91.400 -2166.2810
91.500 -2164.8402
91.600 -2170.6154
91.700 -2176.2250
91.800 -2173.7767
91.900 -2159.6517
92.000 -2160.7690
92.100 -2147.3659
92.200 -2158.9836
92.300 -2147.3190
92.400 -2147.2686
92.500 -2140.0312
92.600 -2150.6457
92.700 -2142.5762
92.800 -2151.9033
92.900 -2148.3630
93.000 -2168.6458
93.100 -2187.5836
93.200 -2191.8025
93.300 -2194.2976
93.400 -2199.0247
93.500 -2201.5683
93.600 -2200.6214
93.700 -2191.1997
93.800 -2221.6964
93.900 -2225.4159
94.000 -2220.6171
94.100 -2199.3349
94.200 -2194.0046
94.300 -2205.5119
94.400 -2202.1261
94.500 -2190.9617
94.600 -2199.8343
94.700 -2207.7817
94.800 -2219.1445
94.900 -2222.3666
95.000 -2219.4708
95.100 -2209.9335
95.200 -2198.8003
95.300 -2186.8472
95.400 -2197.4594
95.500 -2203.3009
95.600 -2181.2698
95.700 -2174.5364
95.800 -2174.6819
95.900 -2175.8512
96.000 -2164.1599
96.100 -2168.0730
96.200 -2156.7109
96.300 -2164.2382
96.400 -2165.6887
96.500 -2155.8216
96.600 -2155.0939
96.700 -2172.5941
96.800 -2161.2449
96.900 -2140.4919
97.000 -2146.3077
97.100 -2139.5240
97.200 -2151.7236
97.300 -2138.2918
97.400 -2151.1296
97.500 -2153.1957
97.600 -2139.0840
97.700 -2155.8294
97.800 -2168.7407
97.900 -2175.3184
98.000 -2185.6961
98.100 -2195.1595
98.200 -2207.6778
98.300 -2214.2233
98.400 -2196.6178
98.500 -2201.4113
98.600 -2232.4252
98.700 -2225.4342
98.800 -2221.2519
98.900 -2221.6918
99.000 -2230.3806
99.100 -2208.3900
99.200 -2210.7635
99.300 -2219.4619
99.400 -2219.9652
99.500 -2221.2934
99.600 -2223.2194
99.700 -2213.0523
99.800 -2203.3933
99.900 -2192.5638
100.000 -2203.4105
