0.000 1885.1396
0.100 1956.2502
0.200 1987.7914
0.300 2014.8816
0.400 2043.7664
0.500 2037.6297
0.600 2056.8425
0.700 2056.1506
0.800 2041.7890
0.900 2060.2139
1.000 2068.9623
1.100 2085.0210
1.200 2086.8606
1.300 2075.8463
1.400 2057.8053
1.500 2063.3918
1.600 2047.0410
1.700 2046.0994
1.800 2042.2596
1.900 2024.9321
2.000 2005.7190
2.100 1998.0183
2.200 1992.1179
2.300 1963.8467
2.400 1950.2382
2.500 1939.0923
2.600 1928.9685
2.700 1911.2217
2.800 1913.7107
2.900 1915.7873
3.000 1904.5931
3.100 1898.0744
3.200 1880.8743
3.300 1859.5681
3.400 1852.4463
3.500 1847.2803
3.600 1831.1129
3.700 1838.9549
3.800 1819.0895
3.900 1802.0813
4.000 1785.8905
4.100 1762.8182
4.200 1747.8661
4.300 1742.0736
4.400 1742.4240
4.500 1735.5166
4.600 1704.8935
4.700 1695.8572
4.800 1674.5001
4.900 1672.4273
5.000 1651.5371
5.100 1634.7259
5.200 1627.8416
5.300 1605.9457
5.400 1611.7770
5.500 1605.4228
5.600 1587.7185
5.700 1557.5757
5.800 1542.3046
5.900 1524.2265
6.000 1507.4733
6.100 1482.0948
6.200 1484.2344
6.300 1474.3981
6.400 1468.1233
6.500 1458.4142
6.600 1451.4506
6.700 1435.1895
6.800 1442.7556
6.900 1428.2115
7.000 1422.6346
7.100 1420.2944
7.200 1406.6540
7.300 1410.0404
7.400 1397.4867
7.500 1397.9275
7.600 1399.4772
7.700 1407.5332
7.800 1404.1906
7.900 1389.8762
8.000 1376.0054
8.100 1380.8114
8.200 1378.7967
8.300 1405.5608
8.400 1409.3599
8.500 1392.0103
8.600 1420.8024
8.700 1413.9917
8.800 1416.3469
8.900 1422.5827
9.000 1403.3568
9.100 1388.0419
9.200 1367.9479
9.300 1341.1896
9.400 1354.5852
9.500 1369.5108
9.600 1354.6440
9.700 1349.5440
9.800 1346.4330
9.900 1334.2609
10.000 1328.5402
10.100 1308.1881
10.200 1299.9580
10.300 1298.6953
10.400 1292.2398
10.500 1292.0095
10.600 1289.5159
10.700 1289.0027
10.800 1276.6977
10.900 1267.6825
11.000 1283.4473
11.100 1264.9163
11.200 1262.5860
11.300 1239.3095
11.400 1234.2146
11.500 1225.7641
11.600 1225.2557
11.700 1248.8294
11.800 1251.7554
11.900 1240.3849
12.000 1232.9327
12.100 1234.7226
12.200 1237.5019
12.300 1237.3716
12.400 1244.8830
12.500 1245.9474
12.600 1255.4312
12.700 1276.1519
12.800 1260.1551
12.900 1260.7725
13.000 1246.9596
13.100 1248.4363
13.200 1257.1388
13.300 1242.3665
13.400 1229.2915
13.500 1214.4947
13.600 1200.2634
13.700 1189.9884
13.800 1192.1887
13.900 1185.5534
14.000 1197.6145
14.100 1198.2335
14.200 1195.1702
14.300 1190.7463
14.400 1180.7911
14.500 1169.6958
14.600 1166.6709
14.700 1163.9503
14.800 1175.6913
14.900 1187.1875
15.000 1188.2910
15.100 1214.5714
15.200 1218.4003
15.300 1219.5176
15.400 1222.3220
15.500 1198.3021
15.600 1203.8460
15.700 1225.6394
15.800 1211.2937
15.900 1211.9057
16.000 1207.5142
16.100 1210.4799
16.200 1194.2433
16.300 1176.6653
16.400 1187.8324
16.500 1187.7513
16.600 1185.0113
16.700 1184.9849
16.800 1187.5030
16.900 1203.9105
17.000 1185.9569
17.100 1190.4316
17.200 1171.4424
17.300 1169.0905
17.400 1176.7533
17.500 1173.5501
17.600 1165.5823
17.700 1161.4921
17.800 1157.1812
17.900 1170.3345
18.000 1146.4216
18.100 1143.6005
18.200 1128.0240
18.300 1115.8898
18.400 1126.2405
18.500 1144.6335
18.600 1154.2695
18.700 1160.1641
18.800 1158.7456
18.900 1157.1534
19.000 1164.0104
19.100 1166.4551
19.200 1172.4969
19.300 1163.8738
19.400 1169.7870
19.500 1156.0341
19.600 1164.7296
19.700 1161.9435
19.800 1165.5203
19.900 1176.6943
20.000 1195.2681
20.100 1176.8679
20.200 1159.1333
20.300 1157.2959
20.400 1134.3434
20.500 1128.8929
20.600 1123.9493
20.700 1127.5664
20.800 1110.9834
20.900 1098.5300
21.000 1083.0504
21.100 1085.3622
21.200 1078.4018
21.300 1084.7909
21.400 1090.4122
21.500 1089.4667
21.600 1088.2865
21.700 1067.2927
21.800 1084.4982
21.900 1092.2314
22.000 1075.2742
22.100 1079.4093
22.200 1088.4069
22.300 1101.8569
22.400 1105.7858
22.500 1113.0935
22.600 1118.3263
22.700 1105.0368
22.800 1099.9736
22.900 1124.4267
23.000 1117.3617
23.100 1134.6964
23.200 1120.1711
23.300 1127.7983
23.400 1124.0805
23.500 1120.6230
23.600 1122.9732
23.700 1113.5793
23.800 1100.8906
23.900 1098.1384
24.000 1093.5581
24.100 1105.2144
24.200 1111.4438
24.300 1107.1798
24.400 1099.9746
24.500 1106.6840
24.600 1109.0434
24.700 1101.9577
24.800 1109.7869
24.900 1087.6030
25.000 1085.4944
25.100 1102.3643
25.200 1108.5592
25.300 1110.3449
25.400 1112.5641
25.500 1110.2715
25.600 1086.9640
25.700 1101.9329
25.800 1112.2809
25.900 1122.2842
26.000 1118.9918
26.100 1123.2123
26.200 1116.1592
