20.200 -27335.7226
20.400 -27344.4410
20.600 -27420.4379
20.800 -27370.4671
21.000 -27320.8220
21.200 -27279.1522
21.400 -27309.0637
21.600 -27372.7873
21.800 -27542.8854
22.000 -27560.0806
22.200 -27548.8560
22.400 -27617.6795
22.600 -27628.4256
22.800 -27687.4713
23.000 -27646.6827
23.200 -27665.2488
23.400 -27691.9377
23.600 -27757.7629
23.800 -27709.8228
24.000 -27739.8864
24.200 -27727.1409
24.400 -27788.3907
24.600 -27830.2612
24.800 -27848.6963
25.000 -27835.9496
25.200 -27866.4726
25.400 -27889.9197
25.600 -27935.6558
25.800 -27940.8667
26.000 -27932.3560
26.200 -27846.0551
26.400 -27808.0479
26.600 -27958.9063
26.800 -27997.5224
27.000 -28040.6472
27.200 -28058.7659
27.400 -28039.1148
27.600 -28070.2285
27.800 -28040.8308
28.000 -27959.5450
28.200 -28056.3043
28.400 -28056.8584
28.600 -28066.1254
28.800 -28064.2116
29.000 -28065.0984
29.200 -28140.3616
29.400 -28124.2146
29.600 -28094.9959
29.800 -28165.7097
30.000 -28163.2315
30.200 -28131.9241
30.400 -28108.8245
30.600 -28188.9701
30.800 -28149.2525
31.000 -28124.6256
31.200 -28081.6417
31.400 -28046.7925
31.600 -28148.4031
31.800 -28103.9849
32.000 -28209.7998
32.200 -28257.2557
32.400 -28174.0393
32.600 -28153.3044
32.800 -28073.4996
33.000 -28089.9446
33.200 -28116.9560
33.400 -28197.8085
33.600 -28232.0573
33.800 -28268.2542
34.000 -28235.4490
34.200 -28333.9660
34.400 -28353.8301
34.600 -28351.1696
34.800 -28385.0580
35.000 -28387.9231
35.200 -28432.7215
35.400 -28437.3054
35.600 -28462.3760
35.800 -28357.0918
36.000 -28264.4136
36.200 -28260.0503
36.400 -28150.4948
36.600 -28094.8297
36.800 -28051.5459
37.000 -28109.0990
37.200 -28163.8311
37.400 -28147.0850
37.600 -28127.2631
37.800 -28092.2889
38.000 -28132.1741
38.200 -28207.3288
38.400 -28210.7867
38.600 -28253.6606
38.800 -28273.1343
39.000 -28275.5690
39.200 -28294.5341
39.400 -28279.9696
39.600 -28349.9244
39.800 -28263.4825
40.000 -28328.1664
40.200 -28386.9468
40.400 -28378.5410
40.600 -28502.6499
40.800 -28408.6820
41.000 -28424.2574
41.200 -28386.3284
41.400 -28344.2465
41.600 -28352.6884
41.800 -28445.5448
42.000 -28419.0773
42.200 -28436.8349
42.400 -28405.8016
42.600 -28420.9764
42.800 -28472.9070
43.000 -28489.4707
43.200 -28433.9939
43.400 -28360.2783
43.600 -28393.8419
43.800 -28421.5861
44.000 -28374.3074
44.200 -28288.9668
44.400 -28378.3560
44.600 -28334.9345
44.800 -28302.6665
45.000 -28317.0792
45.200 -28317.3059
45.400 -28350.4619
45.600 -28248.5046
45.800 -28298.1251
46.000 -28362.6920
46.200 -28459.9951
46.400 -28479.4903
46.600 -28480.2503
46.800 -28428.6931
47.000 -28376.3817
47.200 -28461.2630
47.400 -28464.7064
47.600 -28575.1046
47.800 -28454.9950
48.000 -28425.6895
48.200 -28433.4796
48.400 -28413.3342
48.600 -28385.3754
48.800 -28371.2250
49.000 -28375.8241
49.200 -28400.6223
49.400 -28380.5134
49.600 -28331.1769
49.800 -28305.5597
50.000 -28277.1699
50.200 -28358.7547
50.400 -28422.3547
50.600 -28394.3299
50.800 -28364.8878
51.000 -28321.6371
51.200 -28391.9934
51.400 -28416.9930
51.600 -28364.4193
51.800 -28359.6296
52.000 -28389.3671
52.200 -28399.6577
52.400 -28403.8386
52.600 -28312.8722
52.800 -28370.2921
53.000 -28404.3271
53.200 -28384.6142
53.400 -28298.3000
53.600 -28302.9047
53.800 -28312.1542
54.000 -28327.4043
54.200 -28392.0675
54.400 -28308.8019
54.600 -28371.3507
54.800 -28377.4642
55.000 -28327.4568
55.200 -28377.6937
55.400 -28364.6162
55.600 -28315.7657
55.800 -28365.9316
56.000 -28351.7106
56.200 -28347.3220
56.400 -28330.5302
56.600 -28321.7524
56.800 -28391.1210
57.000 -28383.1407
57.200 -28402.5605
57.400 -28349.2753
57.600 -28327.6011
57.800 -28380.3151
58.000 -28290.7114
58.200 -28373.6548
58.400 -28402.6802
58.600 -28380.2019
58.800 -28414.6797
59.000 -28465.7762
59.200 -28331.8920
59.400 -28356.3993
59.600 -28341.8882
59.800 -28388.7975
60.000 -28402.5125
60.200 -28393.1203
60.400 -28406.1008
60.600 -28506.5105
60.800 -28526.2569
61.000 -28468.9013
61.200 -28551.2304
61.400 -28512.3155
61.600 -28542.7850
61.800 -28583.8066
62.000 -28455.1674
62.200 -28481.0550
62.400 -28463.7520
62.600 -28329.0345
62.800 -28232.2919
63.000 -28160.0848
63.200 -28225.4659
63.400 -28137.9624
63.600 -28205.5460
63.800 -28278.7476
64.000 -28303.8885
64.200 -28307.8832
64.400 -28360.8709
64.600 -28357.2074
64.800 -28406.4629
65.000 -28388.8398
65.200 -28348.4503
65.400 -28338.4215
65.600 -28304.8501
65.800 -28348.9697
66.000 -28393.0317
66.200 -28341.2413
66.400 -28332.2046
66.600 -28321.9476
66.800 -28333.4005
67.000 -28378.6147
67.200 -28484.0258
67.400 -28536.2857
67.600 -28518.1208
67.800 -28529.8095
68.000 -28520.0275
68.200 -28527.7609
68.400 -28579.4097
68.600 -28536.1732
68.800 -28500.2951
69.000 -28533.2771
69.200 -28509.3863
69.400 -28535.6166
69.600 -28424.4092
69.800 -28447.2208
70.000 -28378.7216
70.200 -28414.9249
70.400 -28496.8394
70.600 -28435.5846
70.800 -28378.1393
71.000 -28427.6697
71.200 -28449.8108
71.400 -28437.6121
71.600 -28364.4644
71.800 -28404.0292
72.000 -28364.9339
72.200 -28297.5572
72.400 -28315.3893
72.600 -28263.5781
72.800 -28313.5446
73.000 -28267.3977
73.200 -28296.1115
73.400 -28338.4645
73.600 -28385.9073
73.800 -28406.7964
74.000 -28360.9824
74.200 -28411.3845
74.400 -28412.1253
74.600 -28431.6187
74.800 -28499.2075
75.000 -28433.4163
75.200 -28410.5295
75.400 -28429.7853
75.600 -28451.9987
75.800 -28461.0913
76.000 -28551.4617
76.200 -28558.9143
76.400 -28484.5503
76.600 -28398.9576
76.800 -28395.6351
77.000 -28454.6603
77.200 -28428.9708
77.400 -28419.3800
77.600 -28425.9205
77.800 -28369.7577
78.000 -28261.1761
78.200 -28248.3698
78.400 -28355.7889
78.600 -28415.7556
78.800 -28415.6658
79.000 -28425.1141
79.200 -28415.2078
79.400 -28384.4983
79.600 -28288.7807
79.800 -28251.4296
80.000 -28227.3491
80.200 -28314.0570
80.400 -28391.7689
80.600 -28434.7705
80.800 -28381.0038
81.000 -28334.0576
81.200 -28325.3614
81.400 -28282.7010
81.600 -28247.1522
81.800 -28290.0378
82.000 -28261.6868
82.200 -28179.8017
82.400 -28299.1300
82.600 -28350.2093
82.800 -28357.0352
83.000 -28309.3247
83.200 -28324.2291
83.400 -28332.2616
83.600 -28352.8870
83.800 -28327.9949
84.000 -28339.6469
84.200 -28347.5795
84.400 -28392.5818
84.600 -28424.0069
84.800 -28383.7764
85.000 -28380.5810
85.200 -28418.9858
85.400 -28460.0291
85.600 -28407.4921
85.800 -28422.7954
86.000 -28442.5414
86.200 -28544.6469
86.400 -28438.9538
86.600 -28461.5167
86.800 -28522.1242
87.000 -28545.4805
87.200 -28513.6076
87.400 -28406.6382
87.600 -28459.2122
87.800 -28513.6664
88.000 -28424.8202
88.200 -28319.9945
88.400 -28352.6743
88.600 -28347.3982
88.800 -28369.4993
89.000 -28451.2464
89.200 -28394.0050
89.400 -28365.4985
89.600 -28294.6015
89.800 -28312.9965
90.000 -28290.9514
90.200 -28251.9110
90.400 -28289.8753
90.600 -28253.3666
90.800 -28281.9478
91.000 -28289.6787
91.200 -28289.4694
91.400 -28310.2124
91.600 -28370.2794
91.800 -28427.4792
92.000 -28375.6806
92.200 -28393.5034
92.400 -28307.7938
92.600 -28258.1396
92.800 -28321.2819
93.000 -28390.7649
93.200 -28446.1448
93.400 -28434.0475
93.600 -28362.8696
93.800 -28423.0057
94.000 -28344.7680
94.200 -28311.4997
94.400 -28312.6746
94.600 -28370.3961
94.800 -28256.3047
95.000 -28250.1093
95.200 -28232.5122
95.400 -28207.2083
95.600 -28265.8723
95.800 -28362.1977
96.000 -28390.6598
96.200 -28387.8108
96.400 -28429.3793
96.600 -28421.1576
96.800 -28367.8065
97.000 -28353.1731
97.200 -28330.7701
97.400 -28410.2839
97.600 -28405.8691
97.800 -28375.0739
98.000 -28410.8870
98.200 -28448.7920
98.400 -28398.8748
98.600 -28314.6557
98.800 -28315.6977
99.000 -28312.1236
99.200 -28263.6790
99.400 -28302.5307
99.600 -28360.3521
99.800 -28346.1249
100.000 -28338.3018
100.200 -28411.5963
100.400 -28493.6798
100.600 -28462.3363
100.800 -28531.8647
101.000 -28617.3487
101.200 -28584.8788
101.400 -28612.3803
101.600 -28611.2465
101.800 -28577.9972
102.000 -28485.0438
102.200 -28415.2214
102.400 -28430.3565
102.600 -28456.8631
102.800 -28435.3626
103.000 -28388.2562
103.200 -28446.5898
103.400 -28450.5419
103.600 -28508.1086
103.800 -28524.1832
104.000 -28460.6514
104.200 -28391.3394
104.400 -28492.9093
104.600 -28504.5326
104.800 -28468.8128
105.000 -28464.3082
105.200 -28437.3502
105.400 -28383.8881
105.600 -28405.4447
105.800 -28454.6813
106.000 -28515.6028
106.200 -28451.8435
106.400 -28426.5395
106.600 -28395.6131
106.800 -28474.7272
107.000 -28475.3738
107.200 -28472.7644
107.400 -28534.9600
107.600 -28529.0508
107.800 -28537.4228
108.000 -28536.6150
108.200 -28606.9759
108.400 -28533.4409
108.600 -28525.2958
108.800 -28446.8207
109.000 -28451.9728
109.200 -28418.5529
109.400 -28390.2500
109.600 -28431.8443
109.800 -28370.2883
110.000 -28404.1747
110.200 -28463.3880
110.400 -28457.8897
110.600 -28503.4834
110.800 -28541.2039
111.000 -28561.4209
111.200 -28542.4178
111.400 -28569.8022
111.600 -28542.4156
111.800 -28486.4982
112.000 -28587.6445
112.200 -28592.1852
112.400 -28582.7710
112.600 -28520.6198
112.800 -28550.1428
113.000 -28516.8673
113.200 -28474.9531
113.400 -28489.8487
113.600 -28422.3959
113.800 -28480.6060
114.000 -28539.6028
114.200 -28567.4319
114.400 -28575.4042
114.600 -28642.6195
114.800 -28567.7711
115.000 -28567.7354
115.200 -28471.5335
115.400 -28445.1689
115.600 -28486.8144
115.800 -28438.3625
116.000 -28506.3863
116.200 -28410.7741
116.400 -28392.2199
116.600 -28371.9957
116.800 -28373.0367
117.000 -28445.1102
117.200 -28412.1663
117.400 -28441.1007
117.600 -28344.5077
117.800 -28314.7990
118.000 -28334.2011
118.200 -28253.7208
118.400 -28278.5052
118.600 -28305.9086
118.800 -28234.2599
119.000 -28256.3481
119.200 -28217.7569
119.400 -28243.9317
119.600 -28254.1396
119.800 -28295.7081
120.000 -28215.0244
